Software Engineering,Software Engineering - Mumbai,https://en-in.gigajob.com/job-offer-for-Software-Engineering-Mumbai-in-Mumbai-o1388993358
Software Engineering,) Manager - Java/Go Software Engineering and Microservices Development,https://dejobs.org/mclean-va/manager-javago-software-engineering-and-microservices-development/D37367BCABBF472794E0986A6A1CE897/job/?vs=25
Software Engineering,"Director Software Engineering (DevOps), San Antonio",http://snapjobsearch.com/jobs/view/6198009/
Software Engineering,") Software Engineering Manager - Linux, FPGA Development, VDHL",https://dejobs.org/gainesville-va/software-engineering-manager-linux-fpga-development-vdhl/46108447F2314994871F4CC8EA8CCB1D/job/?vs=25
Software Engineering,Alex Ceponkus Joins Exiger as Global Head of Software Engineering,https://www.prnewswire.com/news-releases/alex-ceponkus-joins-exiger-as-global-head-of-software-engineering-300812175.html

